; Cirrus SF50 VisionJet (G1)

[GENERAL]
Author=Tim Morgan
Version=1.0
AircraftType=Cirrus SF50 VisionJet G1
EngineType=Williams FJ33-5A
AircraftTypeShort=SF50-G1
ATCDesignator=SF50
NrOfEngines=1
PaxCapacity=7
Equipment=SBDGRY
Transponder=LB2U2
PBN=B2C2D2O2S2
PER=B
SUR=260B 282B
WakeTurbulenceCategory=L

MaximumAltitude=28000

MinLandingRunwayLength=3000
; For automatic alternate determination only

Units=LB

EngineAntiIce=0
TotalAntiIce=0

TakeOffTime=1.3
TakeOffBurn=27
LandingTime=3.4
LandingBurn=34

MinWeight=4500
MaxWeight=6001 ; min and max tabulated weights for perf data

StandardClimbMode=0
StandardCruiseMode=0
StandardDescentMode=1

AlternateClimbMode=0
AlternateCruiseMode=1
AlternateDescentMode=2

[DEFAULT_DATA_LB]
DOW=3606
MZFW=4901
MTOW=6001
MLW=5551
FuelCapacity=1986
TaxiFuelPerMinute=1.3
APUBurnPerHour=0

[DEFAULT_DATA_KG]
DOW=1635.65
MZFW=2224
MTOW=2723
MLW=2518
FuelCapacity=900.91
TaxiFuelPerMinute=0.59
APUBurnPerHour=0

[HOLD]
  WGT; 4500; 5000; 5500; 6000
 5000;  302;  322;  342;  362
10000;  282;  295;  322;  356
15000;  262;  289;  315;  336
17000;  262;  289;  309;  336
19000;  255;  282;  309;  329
21000;  255;  275;  309;  322
23000;  248;  275;  295;  315
25000;  248;  268;  289;  315
27000;  242;  262;  289;  315
28000;  242;  262;  289;  315
[/HOLD]


[CLIMB.0]
Name=Enroute

[DATA]
ISA-10; 4500         ; 5000         ; 5500         ; 6000         
     0;   0;   0;   0;   0;   0;   0;   0;   0;   0;   0;   0;   0
  2000;   1;   9;   2;   1;  11;   2;   1;  12;   2;   1;  13;   2
  4000;   1;  19;   3;   1;  21;   4;   2;  24;   4;   2;  27;   5
  6000;   2;  28;   5;   2;  32;   6;   2;  36;   7;   3;  40;   8
  8000;   3;  37;   7;   3;  42;   8;   3;  48;   9;   4;  54;  10
 10000;   3;  46;   9;   4;  53;  10;   4;  60;  12;   5;  67;  14
 12000;   4;  56;  11;   5;  64;  13;   5;  72;  15;   6;  81;  17
 14000;   5;  65;  13;   5;  74;  16;   6;  84;  18;   7;  95;  21
 16000;   6;  75;  16;   6;  85;  19;   7;  97;  21;   8; 110;  25
 18000;   6;  84;  18;   7;  96;  22;   8; 110;  25;  10; 124;  29
 20000;   7;  94;  21;   9; 107;  25;  10; 123;  30;  11; 140;  34
 22000;   9; 103;  25;  10; 119;  29;  11; 136;  34;  13; 156;  40
 24000;  10; 113;  28;  11; 130;  34;  13; 150;  39;  15; 172;  46
 26000;  11; 123;  32;  13; 142;  38;  15; 164;  45;  17; 189;  54
 28000;  12; 133;  37;  14; 154;  44;  17; 179;  52;  19; 208;  62
[/DATA]

[DATA]
   ISA; 4500         ; 5000         ; 5500         ; 6000         
     0;   0;   0;   0;   0;   0;   0;   0;   0;   0;   0;   0;   0
  2000;   1;  11;   2;   1;  12;   2;   1;  14;   3;   1;  15;   3
  4000;   2;  21;   4;   2;  24;   5;   2;  27;   5;   2;  31;   6
  6000;   2;  31;   6;   3;  36;   7;   3;  41;   8;   3;  46;   9
  8000;   3;  42;   8;   4;  48;   9;   4;  54;  11;   5;  61;  13
 10000;   4;  52;  10;   5;  59;  12;   5;  67;  14;   6;  76;  16
 12000;   5;  62;  13;   5;  71;  15;   6;  81;  17;   7;  92;  20
 14000;   6;  72;  15;   7;  82;  18;   7;  94;  21;   8; 107;  24
 16000;   7;  82;  18;   8;  94;  21;   9; 107;  25;  10; 122;  29
 18000;   7;  91;  21;   9; 105;  24;  10; 121;  28;  11; 138;  33
 20000;   8; 101;  24;  10; 117;  28;  11; 134;  33;  13; 154;  38
 22000;  10; 111;  27;  11; 129;  32;  13; 148;  38;  15; 171;  44
 24000;  11; 122;  31;  12; 141;  37;  14; 163;  43;  17; 188;  51
 26000;  12; 132;  35;  14; 153;  42;  16; 178;  49;  19; 206;  59
 28000;  13; 143;  39;  16; 166;  47;  18; 194;  57;  21; 226;  68
[/DATA]

[DATA]
ISA+10; 4500         ; 5000         ; 5500         ; 6000         
     0;   0;   0;   0;   0;   0;   0;   0;   0;   0;   0;   0;   0
  2000;   1;  12;   2;   1;  14;   3;   1;  16;   3;   1;  19;   4
  4000;   2;  24;   5;   2;  28;   6;   3;  32;   7;   3;  37;   8
  6000;   3;  36;   8;   4;  42;   9;   4;  49;  11;   5;  56;  12
  8000;   4;  48;  10;   5;  56;  12;   5;  65;  14;   6;  74;  17
 10000;   5;  60;  13;   6;  70;  16;   7;  81;  19;   8;  93;  22
 12000;   6;  72;  16;   7;  84;  19;   9;  97;  23;  10; 112;  27
 14000;   7;  84;  19;   9;  97;  23;  10; 113;  28;  12; 131;  33
 16000;   9;  95;  23;  10; 111;  27;  12; 129;  33;  14; 150;  39
 18000;  10; 107;  27;  12; 125;  32;  14; 146;  38;  16; 170;  45
 20000;  11; 118;  30;  13; 139;  37;  16; 162;  44;  18; 190;  53
 22000;  13; 130;  34;  15; 152;  42;  18; 179;  50;  21; 211;  61
 24000;  14; 141;  39;  17; 166;  47;  20; 196;  57;  23; 232;  69
 26000;  16; 152;  44;  18; 180;  53;  22; 213;  65;  26; 254;  79
 28000;  17; 164;  49;  20; 195;  60;  24; 231;  73;  29; 277;  90
[/DATA]
[/CLIMB.0]


[CRUISE.0]
Name=MCT

[DATA]
ISA-10; 4500    ; 5000    ; 5500    ; 6000    
   OPT; 28000   ; 28000   ; 28000   ; 28000   
   MAX; 28000   ; 28000   ; 28000   ; 28000   
  5000; 725; 264; 725; 264; 731; 264; 738; 264
 10000; 711; 283; 711; 283; 718; 283; 725; 283
 15000; 711; 307; 711; 306; 711; 305; 705; 303
 17000; 664; 308; 664; 306; 664; 305; 664; 303
 19000; 624; 308; 624; 307; 624; 305; 624; 303
 21000; 584; 308; 584; 307; 584; 305; 577; 303
 23000; 544; 308; 544; 306; 544; 304; 544; 302
 25000; 510; 308; 503; 306; 503; 303; 503; 301
 27000; 470; 307; 470; 305; 470; 302; 470; 299
 28000; 450; 307; 450; 304; 450; 301; 450; 298
[/DATA]

[DATA]
   ISA; 4500    ; 5000    ; 5500    ; 6000    
   OPT; 28000   ; 28000   ; 28000   ; 28000   
   MAX; 28000   ; 28000   ; 28000   ; 28000   
  5000; 752; 268; 752; 268; 758; 268; 765; 268
 10000; 731; 289; 738; 290; 738; 289; 738; 288
 15000; 664; 299; 664; 298; 664; 297; 664; 295
 17000; 637; 303; 637; 301; 637; 300; 637; 299
 19000; 624; 309; 624; 307; 624; 306; 624; 304
 21000; 597; 312; 597; 311; 597; 309; 590; 307
 23000; 564; 314; 564; 312; 564; 310; 564; 308
 25000; 530; 315; 523; 313; 523; 310; 523; 307
 27000; 490; 314; 490; 312; 483; 309; 483; 305
 28000; 470; 314; 470; 311; 470; 308; 463; 304
[/DATA]

[DATA]
ISA+10; 4500    ; 5000    ; 5500    ; 6000    
   OPT; 28000   ; 28000   ; 28000   ; 28000   
   MAX; 28000   ; 28000   ; 28000   ; 28000   
  5000; 705; 261; 705; 260; 705; 259; 705; 258
 10000; 658; 274; 658; 273; 658; 271; 658; 270
 15000; 590; 282; 590; 281; 590; 279; 590; 278
 17000; 564; 285; 564; 283; 557; 282; 557; 280
 19000; 530; 287; 530; 286; 530; 284; 530; 282
 21000; 510; 291; 510; 289; 510; 287; 510; 284
 23000; 490; 295; 490; 293; 490; 291; 490; 288
 25000; 470; 297; 470; 295; 463; 292; 463; 289
 27000; 436; 298; 436; 295; 436; 291; 436; 287
 28000; 429; 300; 429; 297; 429; 294; 429; 291
[/DATA]

[DATA]
ISA+20; 4500    ; 5000    ; 5500    ; 6000    
   OPT; 28000   ; 28000   ; 28000   ; 28000   
   MAX; 28000   ; 28000   ; 28000   ; 28000   
  5000; 631; 246; 631; 245; 631; 244; 631; 242
 10000; 584; 257; 584; 256; 584; 254; 584; 253
 15000; 523; 265; 523; 263; 523; 261; 523; 259
 17000; 497; 267; 497; 265; 497; 263; 497; 261
 19000; 476; 270; 476; 268; 476; 265; 476; 263
 21000; 450; 272; 450; 270; 450; 267; 450; 264
 23000; 429; 274; 429; 271; 429; 268; 429; 265
 25000; 409; 277; 409; 274; 409; 270; 409; 266
 27000; 382; 279; 382; 275; 382; 271; 382; 265
 28000; 369; 278; 369; 275; 369; 270; 369; 265
[/DATA]
[/CRUISE.0]

[CRUISE.1]
Name=MRC

[DATA]
ISA-10; 4500    ; 5000    ; 5500    ; 6000    
   OPT; 28000   ; 28000   ; 28000   ; 28000   
   MAX; 28000   ; 28000   ; 28000   ; 28000   
  5000; 295; 151; 309; 152; 329; 157; 349; 162
 10000; 268; 156; 289; 158; 315; 166; 342; 175
 15000; 255; 165; 282; 173; 302; 180; 329; 186
 17000; 248; 169; 268; 174; 295; 184; 322; 191
 19000; 248; 173; 268; 182; 295; 190; 315; 197
 21000; 242; 179; 268; 188; 295; 198; 309; 202
 23000; 242; 185; 262; 193; 289; 203; 309; 208
 25000; 242; 192; 262; 199; 282; 207; 302; 214
 27000; 235; 199; 255; 205; 275; 213; 302; 223
 28000; 235; 203; 255; 208; 275; 216; 302; 224
[/DATA]

[DATA]
   ISA; 4500    ; 5000    ; 5500    ; 6000    
   OPT; 28000   ; 28000   ; 28000   ; 28000   
   MAX; 28000   ; 28000   ; 28000   ; 28000   
  5000; 302; 151; 322; 156; 342; 159; 362; 164
 10000; 282; 158; 295; 162; 322; 169; 356; 179
 15000; 262; 167; 289; 176; 315; 182; 336; 189
 17000; 262; 175; 289; 181; 309; 188; 336; 198
 19000; 255; 176; 282; 185; 309; 195; 329; 202
 21000; 255; 185; 275; 192; 309; 203; 322; 207
 23000; 248; 189; 275; 199; 295; 205; 315; 211
 25000; 248; 197; 268; 204; 289; 211; 315; 219
 27000; 242; 201; 262; 208; 289; 219; 315; 226
 28000; 242; 203; 262; 212; 289; 222; 315; 232
[/DATA]

[DATA]
ISA+10; 4500    ; 5000    ; 5500    ; 6000    
   OPT; 28000   ; 28000   ; 28000   ; 28000   
   MAX; 28000   ; 28000   ; 28000   ; 28000   
  5000; 315; 154; 336; 160; 349; 162; 369; 165
 10000; 282; 158; 309; 165; 336; 172; 362; 180
 15000; 275; 173; 302; 180; 322; 185; 349; 193
 17000; 275; 177; 295; 184; 322; 192; 356; 203
 19000; 268; 183; 295; 191; 315; 198; 349; 208
 21000; 262; 187; 289; 197; 315; 206; 336; 210
 23000; 262; 193; 282; 203; 309; 210; 336; 221
 25000; 255; 200; 282; 208; 302; 216; 329; 225
 27000; 255; 209; 275; 213; 302; 223; 329; 231
 28000; 255; 214; 275; 217; 295; 225; 329; 236
[/DATA]

[DATA]
ISA+20; 4500    ; 5000    ; 5500    ; 6000    
   OPT; 28000   ; 28000   ; 28000   ; 28000   
   MAX; 28000   ; 28000   ; 28000   ; 28000   
  5000; 329; 158; 342; 161; 362; 164; 389; 171
 10000; 295; 160; 315; 167; 349; 176; 382; 185
 15000; 282; 174; 315; 184; 336; 188; 362; 197
 17000; 289; 183; 309; 188; 329; 195; 356; 203
 19000; 275; 185; 302; 193; 329; 202; 356; 211
 21000; 275; 192; 295; 199; 329; 211; 349; 214
 23000; 268; 197; 295; 206; 322; 214; 356; 227
 25000; 268; 206; 289; 212; 315; 219; 342; 229
 27000; 262; 210; 282; 218; 309; 226; 342; 236
 28000; 255; 211; 282; 220; 309; 232; 342; 242
[/DATA]
[/CRUISE.1]


[DESCENT.0]
Name=M0.51/245 FPA-2.8

[DATA]
  WGT; 6000
    0;   0;   0;   0
 5000;   4;  40;  17
10000;   8;  74;  35
15000;  11; 107;  52
17000;  12; 121;  59
19000;  14; 134;  66
20000;  14; 134;  69
21000;  15; 141;  73
22000;  16; 148;  76
23000;  16; 148;  79
24000;  17; 154;  83
25000;  18; 161;  86
26000;  18; 161;  89
27000;  19; 168;  93
28000;  20; 168;  96
[/DATA]
[/DESCENT.0]

[DESCENT.1]
Name=M0.51/245 FPA-3.7

[DATA]
  WGT; 6000
    0;   0;   0;   0
 5000;   3;  27;  13
10000;   6;  54;  26
15000;   8;  74;  40
17000;   9;  87;  45
19000;  10;  94;  50
20000;  11;  94;  52
21000;  11; 101;  55
22000;  12; 101;  57
23000;  12; 107;  60
24000;  13; 107;  63
25000;  13; 114;  65
26000;  14; 114;  68
27000;  14; 114;  70
28000;  15; 121;  73
[/DATA]
[/DESCENT.1]

[DESCENT.2]
Name=M0.51/245 FPA-4.6

[DATA]
  WGT; 6000
    0;   0;   0;   0
 5000;   2;  20;  11
10000;   5;  40;  21
15000;   7;  54;  32
17000;   8;  60;  36
19000;   8;  67;  40
20000;   9;  74;  42
21000;   9;  74;  44
22000;  10;  74;  46
23000;  10;  81;  48
24000;  10;  81;  50
25000;  11;  81;  52
26000;  11;  87;  54
27000;  12;  87;  56
28000;  12;  87;  58
[/DATA]
[/DESCENT.2]