; Cirrus SF50 VisionJet (G1)

[GENERAL]
Author=Tim Morgan
Version=1.0
AircraftType=Cirrus SF50 VisionJet G2
EngineType=Williams FJ33-5A
AircraftTypeShort=SF50-G2
ATCDesignator=SF50
NrOfEngines=1
PaxCapacity=7
Equipment=SBDGRWY
Transponder=LB2U2
PBN=B2C2D2O2S2
PER=B
SUR=260B 282B
WakeTurbulenceCategory=L

MaximumAltitude=31000

MinLandingRunwayLength=3000
; For automatic alternate determination only

Units=LB

EngineAntiIce=0
TotalAntiIce=0

TakeOffTime=1.3
TakeOffBurn=27
LandingTime=3.4
LandingBurn=34

MinWeight=4500
MaxWeight=6001 ; min and max tabulated weights for perf data

StandardClimbMode=0
StandardCruiseMode=0
StandardDescentMode=1

AlternateClimbMode=0
AlternateCruiseMode=1
AlternateDescentMode=2

[DEFAULT_DATA_LB]
DOW=3606
MZFW=4901
MTOW=6001
MLW=5551
FuelCapacity=1986
TaxiFuelPerMinute=1.3
APUBurnPerHour=0

[DEFAULT_DATA_KG]
DOW=1635.65
MZFW=2224
MTOW=2723
MLW=2518
FuelCapacity=900.91
TaxiFuelPerMinute=0.59
APUBurnPerHour=0

[HOLD]
  WGT; 4500; 5000; 5500; 6000
 5000;  302;  322;  342;  362
10000;  282;  295;  322;  356
15000;  262;  289;  315;  336
17000;  262;  289;  309;  336
19000;  255;  282;  309;  329
21000;  255;  275;  309;  322
23000;  248;  275;  295;  315
25000;  248;  268;  289;  315
27000;  242;  262;  289;  315
28000;  242;  262;  289;  315
29000;  235;  262;  289;  309
30000;  242;  262;  289;  302
31000;  235;  255;  295;  302
[/HOLD]


[CLIMB.0]
Name=Enroute

[DATA]
ISA-10; 4500         ; 5000         ; 5500         ; 6000         
     0;   0;   0;   0;   0;   0;   0;   0;   0;   0;   0;   0;   0
  2000;   1;   9;   2;   1;  10;   2;   1;  12;   2;   1;  13;   2
  4000;   1;  18;   3;   1;  21;   4;   2;  23;   4;   2;  26;   5
  6000;   2;  27;   5;   2;  31;   6;   2;  35;   6;   3;  39;   7
  8000;   2;  36;   7;   3;  41;   8;   3;  46;   9;   3;  52;  10
 10000;   3;  45;   9;   4;  51;  10;   4;  58;  11;   4;  65;  13
 12000;   4;  54;  11;   4;  62;  12;   5;  70;  14;   6;  79;  16
 14000;   5;  64;  13;   5;  72;  15;   6;  82;  17;   7;  93;  19
 16000;   5;  73;  16;   6;  83;  18;   7;  94;  21;   8; 107;  23
 18000;   6;  82;  19;   7;  94;  21;   8; 107;  24;   9; 121;  27
 20000;   7;  91;  21;   8; 105;  25;   9; 119;  28;  11; 136;  32
 22000;   8; 101;  24;   9; 115;  28;  11; 132;  32;  12; 150;  37
 24000;   9; 110;  28;  10; 126;  32;  12; 145;  37;  14; 166;  42
 26000;  10; 119;  31;  12; 137;  36;  14; 158;  42;  16; 181;  48
 28000;  11; 129;  36;  13; 149;  41;  15; 172;  48;  18; 198;  55
 30000;  13; 139;  40;  15; 161;  47;  17; 187;  55;  20; 217;  64
 31000;  13; 144;  43;  16; 168;  50;  18; 195;  59;  22; 227;  69
[/DATA]

[DATA]
   ISA; 4500         ; 5000         ; 5500         ; 6000         
     0;   0;   0;   0;   0;   0;   0;   0;   0;   0;   0;   0;   0
  2000;   1;  10;   2;   1;  12;   2;   1;  13;   2;   1;  15;   3
  4000;   1;  20;   4;   2;  23;   4;   2;  26;   5;   2;  30;   6
  6000;   2;  30;   6;   3;  34;   7;   3;  39;   7;   3;  44;   8
  8000;   3;  40;   8;   3;  45;   9;   4;  51;  10;   4;  58;  11
 10000;   4;  49;  10;   4;  56;  11;   5;  64;  13;   5;  72;  14
 12000;   4;  59;  12;   5;  68;  14;   6;  77;  16;   7;  87;  18
 14000;   5;  69;  15;   6;  79;  17;   7;  90;  19;   8; 102;  22
 16000;   6;  78;  17;   7;  90;  20;   8; 103;  22;   9; 117;  25
 18000;   7;  88;  20;   8; 101;  23;   9; 116;  26;  11; 132;  30
 20000;   8;  98;  23;   9; 112;  26;  11; 129;  30;  12; 147;  34
 22000;   9; 107;  26;  10; 124;  30;  12; 142;  34;  14; 162;  39
 24000;  10; 117;  29;  12; 135;  34;  13; 155;  39;  15; 178;  45
 26000;  11; 127;  33;  13; 147;  38;  15; 169;  44;  17; 195;  51
 28000;  12; 137;  37;  14; 159;  43;  17; 184;  50;  19; 213;  58
 30000;  14; 147;  42;  16; 172;  49;  19; 200;  58;  22; 233;  67
 31000;  14; 153;  45;  17; 179;  53;  20; 208;  62;  23; 244;  73
[/DATA]

[DATA]
ISA+10; 4500         ; 5000         ; 5500         ; 6000         
     0;   0;   0;   0;   0;   0;   0;   0;   0;   0;   0;   0;   0
  2000;   1;  12;   2;   1;  14;   3;   2;  16;   3;   1;  18;   4
  4000;   2;  23;   5;   2;  27;   5;   3;  31;   6;   3;  35;   7
  6000;   3;  34;   7;   3;  40;   8;   4;  45;   9;   4;  52;  11
  8000;   4;  45;  10;   4;  52;  11;   5;  60;  13;   6;  69;  14
 10000;   5;  56;  12;   5;  65;  14;   6;  75;  16;   7;  86;  19
 12000;   6;  67;  15;   7;  78;  17;   8;  90;  20;   9; 103;  23
 14000;   7;  78;  18;   8;  91;  21;   9; 105;  24;  11; 121;  28
 16000;   8;  89;  21;   9; 104;  25;  11; 120;  29;  12; 139;  33
 18000;   9; 100;  25;  11; 117;  29;  12; 136;  33;  14; 157;  38
 20000;  10; 111;  28;  12; 130;  33;  14; 151;  38;  16; 176;  44
 22000;  12; 122;  32;  14; 143;  38;  16; 167;  44;  19; 195;  51
 24000;  13; 134;  36;  15; 157;  43;  18; 183;  50;  21; 215;  59
 26000;  14; 145;  41;  17; 170;  48;  20; 200;  57;  24; 236;  67
 28000;  16; 156;  45;  19; 184;  54;  22; 217;  64;  27; 258;  76
 30000;  17; 167;  51;  21; 198;  61;  25; 235;  72;  30; 281;  87
 31000;  18; 173;  54;  22; 205;  64;  26; 244;  77;  32; 293;  93
[/DATA]
[/CLIMB.0]


[CRUISE.0]
Name=MCT

[DATA]
ISA-10; 4500    ; 5000    ; 5500    ; 6000    
   OPT; 31000   ; 31000   ; 30000   ; 31000   
   MAX; 31000   ; 31000   ; 31000   ; 31000   
  5000; 725; 264; 725; 264; 731; 264; 738; 264
 10000; 711; 283; 711; 283; 718; 283; 725; 283
 15000; 711; 307; 711; 306; 711; 305; 705; 303
 17000; 664; 308; 664; 306; 664; 305; 664; 303
 19000; 624; 308; 624; 307; 624; 305; 624; 303
 21000; 584; 308; 584; 307; 584; 305; 577; 303
 23000; 544; 308; 544; 306; 544; 304; 544; 302
 25000; 510; 308; 503; 306; 503; 303; 503; 301
 27000; 470; 307; 470; 305; 470; 302; 470; 299
 28000; 450; 307; 450; 304; 450; 301; 450; 298
 29000; 436; 307; 443; 307; 456; 307; 456; 305
 30000; 423; 305; 429; 305; 436; 305; 443; 303
 31000; 403; 304; 409; 304; 423; 304; 423; 300
[/DATA]

[DATA]
   ISA; 4500    ; 5000    ; 5500    ; 6000    
   OPT; 31000   ; 31000   ; 30000   ; 31000   
   MAX; 31000   ; 31000   ; 31000   ; 31000   
  5000; 752; 268; 752; 268; 758; 268; 765; 268
 10000; 731; 289; 738; 290; 738; 289; 738; 288
 15000; 664; 299; 664; 298; 664; 297; 664; 295
 17000; 637; 303; 637; 301; 637; 300; 637; 299
 19000; 624; 309; 624; 307; 624; 306; 624; 304
 21000; 597; 312; 597; 311; 597; 309; 590; 307
 23000; 564; 314; 564; 312; 564; 310; 564; 308
 25000; 530; 315; 523; 313; 523; 310; 523; 307
 27000; 490; 314; 490; 312; 483; 309; 483; 305
 28000; 470; 314; 470; 311; 470; 308; 463; 304
 29000; 456; 314; 463; 314; 470; 313; 470; 309
 30000; 436; 312; 443; 312; 450; 311; 450; 307
 31000; 416; 311; 423; 311; 429; 309; 429; 305
[/DATA]

[DATA]
ISA+10; 4500    ; 5000    ; 5500    ; 6000    
   OPT; 31000   ; 31000   ; 30000   ; 31000   
   MAX; 31000   ; 31000   ; 31000   ; 31000   
  5000; 705; 261; 705; 260; 705; 259; 705; 258
 10000; 658; 274; 658; 273; 658; 271; 658; 270
 15000; 590; 282; 590; 281; 590; 279; 590; 278
 17000; 564; 285; 564; 283; 557; 282; 557; 280
 19000; 530; 287; 530; 286; 530; 284; 530; 282
 21000; 510; 291; 510; 289; 510; 287; 510; 284
 23000; 490; 295; 490; 293; 490; 291; 490; 288
 25000; 470; 297; 470; 295; 463; 292; 463; 289
 27000; 436; 298; 436; 295; 436; 291; 436; 287
 28000; 429; 300; 429; 297; 429; 294; 429; 291
 29000; 423; 302; 423; 299; 423; 295; 423; 291
 30000; 416; 304; 416; 301; 416; 297; 416; 293
 31000; 403; 307; 403; 303; 403; 299; 403; 294
[/DATA]

[DATA]
ISA+20; 4500    ; 5000    ; 5500    ; 6000    
   OPT; 31000   ; 31000   ; 30000   ; 31000   
   MAX; 31000   ; 31000   ; 31000   ; 31000   
  5000; 631; 246; 631; 245; 631; 244; 631; 242
 10000; 584; 257; 584; 256; 584; 254; 584; 253
 15000; 523; 265; 523; 263; 523; 261; 523; 259
 17000; 497; 267; 497; 265; 497; 263; 497; 261
 19000; 476; 270; 476; 268; 476; 265; 476; 263
 21000; 450; 272; 450; 270; 450; 267; 450; 264
 23000; 429; 274; 429; 271; 429; 268; 429; 265
 25000; 409; 277; 409; 274; 409; 270; 409; 266
 27000; 382; 279; 382; 275; 382; 271; 382; 265
 28000; 369; 278; 369; 275; 369; 270; 369; 265
 29000; 362; 278; 362; 273; 362; 267; 362; 260
 30000; 356; 279; 356; 274; 356; 267; 349; 259
 31000; 342; 280; 342; 274; 342; 267; 342; 258
[/DATA]
[/CRUISE.0]

[CRUISE.1]
Name=MRC

[DATA]
ISA-10; 4500    ; 5000    ; 5500    ; 6000    
   OPT; 31000   ; 31000   ; 30000   ; 31000   
   MAX; 31000   ; 31000   ; 31000   ; 31000   
  5000; 295; 151; 309; 152; 329; 157; 349; 162
 10000; 268; 156; 289; 158; 315; 166; 342; 175
 15000; 255; 165; 282; 173; 302; 180; 329; 186
 17000; 248; 169; 268; 174; 295; 184; 322; 191
 19000; 248; 173; 268; 182; 295; 190; 315; 197
 21000; 242; 179; 268; 188; 295; 198; 309; 202
 23000; 242; 185; 262; 193; 289; 203; 309; 208
 25000; 242; 192; 262; 199; 282; 207; 302; 214
 27000; 235; 199; 255; 205; 275; 213; 302; 223
 28000; 235; 203; 255; 208; 275; 216; 302; 224
 29000; 228; 203; 255; 212; 275; 220; 302; 229
 30000; 228; 204; 248; 215; 275; 224; 289; 227
 31000; 221; 208; 248; 218; 268; 227; 289; 231
[/DATA]

[DATA]
   ISA; 4500    ; 5000    ; 5500    ; 6000    
   OPT; 31000   ; 31000   ; 30000   ; 31000   
   MAX; 31000   ; 31000   ; 31000   ; 31000   
  5000; 302; 151; 322; 156; 342; 159; 362; 164
 10000; 282; 158; 295; 162; 322; 169; 356; 179
 15000; 262; 167; 289; 176; 315; 182; 336; 189
 17000; 262; 175; 289; 181; 309; 188; 336; 198
 19000; 255; 176; 282; 185; 309; 195; 329; 202
 21000; 255; 185; 275; 192; 309; 203; 322; 207
 23000; 248; 189; 275; 199; 295; 205; 315; 211
 25000; 248; 197; 268; 204; 289; 211; 315; 219
 27000; 242; 201; 262; 208; 289; 219; 315; 226
 28000; 242; 203; 262; 212; 289; 222; 315; 232
 29000; 235; 207; 262; 219; 289; 229; 309; 234
 30000; 242; 213; 262; 221; 289; 234; 302; 232
 31000; 235; 215; 255; 223; 295; 237; 302; 236
[/DATA]

[DATA]
ISA+10; 4500    ; 5000    ; 5500    ; 6000    
   OPT; 31000   ; 31000   ; 30000   ; 31000   
   MAX; 31000   ; 31000   ; 31000   ; 31000   
  5000; 315; 154; 336; 160; 349; 162; 369; 165
 10000; 282; 158; 309; 165; 336; 172; 362; 180
 15000; 275; 173; 302; 180; 322; 185; 349; 193
 17000; 275; 177; 295; 184; 322; 192; 356; 203
 19000; 268; 183; 295; 191; 315; 198; 349; 208
 21000; 262; 187; 289; 197; 315; 206; 336; 210
 23000; 262; 193; 282; 203; 309; 210; 336; 221
 25000; 255; 200; 282; 208; 302; 216; 329; 225
 27000; 255; 209; 275; 213; 302; 223; 329; 231
 28000; 255; 214; 275; 217; 295; 225; 329; 236
 29000; 248; 212; 268; 221; 309; 237; 322; 240
 30000; 242; 213; 268; 223; 302; 239; 315; 237
 31000; 242; 217; 268; 226; 295; 237; 315; 241
[/DATA]

[DATA]
ISA+20; 4500    ; 5000    ; 5500    ; 6000    
   OPT; 31000   ; 31000   ; 30000   ; 31000   
   MAX; 31000   ; 31000   ; 31000   ; 31000   
  5000; 329; 158; 342; 161; 362; 164; 389; 171
 10000; 295; 160; 315; 167; 349; 176; 382; 185
 15000; 282; 174; 315; 184; 336; 188; 362; 197
 17000; 289; 183; 309; 188; 329; 195; 356; 203
 19000; 275; 185; 302; 193; 329; 202; 356; 211
 21000; 275; 192; 295; 199; 329; 211; 349; 214
 23000; 268; 197; 295; 206; 322; 214; 356; 227
 25000; 268; 206; 289; 212; 315; 219; 342; 229
 27000; 262; 210; 282; 218; 309; 226; 342; 236
 28000; 255; 211; 282; 220; 309; 232; 342; 242
 29000; 255; 216; 289; 231; 322; 243; 342; 247
 30000; 255; 218; 275; 226; 309; 242; 349; 259
 31000; 255; 223; 282; 238; 302; 243; 342; 258
[/DATA]
[/CRUISE.1]


[DESCENT.0]
Name=M0.51/245 FPA-2.8

[DATA]
  WGT; 6000
    0;   0;   0;   0
 5000;   4;  40;  17
10000;   8;  74;  35
15000;  11; 107;  52
17000;  12; 121;  59
19000;  14; 134;  66
20000;  14; 134;  69
21000;  15; 141;  73
22000;  16; 148;  76
23000;  16; 148;  79
24000;  17; 154;  83
25000;  18; 161;  86
26000;  18; 161;  89
27000;  19; 168;  93
28000;  20; 168;  96
29000;  20; 174;  99
30000;  21; 174; 103
31000;  22; 181; 106

[/DATA]
[/DESCENT.0]

[DESCENT.1]
Name=M0.51/245 FPA-3.7

[DATA]
  WGT; 6000
    0;   0;   0;   0
 5000;   3;  27;  13
10000;   6;  54;  26
15000;   8;  74;  40
17000;   9;  87;  45
19000;  10;  94;  50
20000;  11;  94;  52
21000;  11; 101;  55
22000;  12; 101;  57
23000;  12; 107;  60
24000;  13; 107;  63
25000;  13; 114;  65
26000;  14; 114;  68
27000;  14; 114;  70
28000;  15; 121;  73
29000;  15; 121;  75
30000;  16; 121;  78
31000;  16; 127;  80
[/DATA]
[/DESCENT.1]

[DESCENT.2]
Name=M0.51/245 FPA-4.6

[DATA]
  WGT; 6000
    0;   0;   0;   0
 5000;   2;  20;  11
10000;   5;  40;  21
15000;   7;  54;  32
17000;   8;  60;  36
19000;   8;  67;  40
20000;   9;  74;  42
21000;   9;  74;  44
22000;  10;  74;  46
23000;  10;  81;  48
24000;  10;  81;  50
25000;  11;  81;  52
26000;  11;  87;  54
27000;  12;  87;  56
28000;  12;  87;  58
29000;  12;  87;  60
30000;  13;  94;  62
31000;  13;  94;  65
[/DATA]
[/DESCENT.2]